{
  "nbformat": 4,
  "nbformat_minor": 0,
  "metadata": {
    "colab": {
      "name": "TP",
      "provenance": [],
      "collapsed_sections": []
    },
    "kernelspec": {
      "name": "python3",
      "display_name": "Python 3"
    },
    "language_info": {
      "name": "python"
    }
  },
  "cells": [
    {
      "cell_type": "code",
      "metadata": {
        "id": "8ITtC7FlbvQO"
      },
      "source": [
        "!git clone https://github.com/lmcanavals/algorithmic_complexity.git 2>/dev/null\n",
        "import random\n",
        "import numpy as np\n",
        "import networkx as nx\n",
        "from sys import maxsize\n",
        "from itertools import permutations\n",
        "from algorithmic_complexity.aclib import graphstuff as gs\n",
        "from math import acos,cos,sin,radians\n",
        "from cmath import sqrt\n",
        "import math"
      ],
      "execution_count": 177,
      "outputs": []
    },
    {
      "cell_type": "code",
      "metadata": {
        "id": "e7ZboJeJb2vF"
      },
      "source": [
        "lista_todos=[]\n",
        "#lista_distritos=[]\n",
        "#lista_centro_poblados=[]\n",
        "def read_lines(linea:str,lista):\n",
        "  atributo=linea.split(\",\")\n",
        "  place=[atributo[0],atributo[1],atributo[2],atributo[3],float(atributo[4]),float(atributo[5])]\n",
        "  lista.append(place)\n",
        "def mostrar_departamentos(lista):\n",
        "  for i in lista:\n",
        "    print(i)\n",
        "def leer_hoja(lista):\n",
        "  text_name=\"ubicaciones.txt\"  \n",
        "  with open(text_name)as obj:\n",
        "    for line in obj:\n",
        "      read_lines(line,lista)\n",
        "def distancia_puntos(punto_1,punto_2):\n",
        "  #p1 = (radians(punto_1[4]),radians(punto_1[5]))\n",
        "  #p2 = (radians(punto_2[4]),radians(punto_2[5]))\n",
        "  #distancia = acos(sin(p1[0])*sin(p2[0])+ cos(p1[0]) * cos(p2[0])*cos(p1[1]-p2[1]))\n",
        "  #return distancia*6371.01\n",
        "  p1 = (punto_1[4],punto_1[5])\n",
        "  p2 = (punto_2[4],punto_2[5])\n",
        "  d=(p1[0]-p2 [0])**2+(p1[1]-p2 [1])**2\n",
        "  distancia = math.sqrt(d)\n",
        "  return distancia\n",
        "  \n",
        "\n",
        "def agregar_todos_distritos(departamento,provincia,lista_t,lista_d):\n",
        "  conjunto=[]\n",
        "  for i in range(len(lista_t)):\n",
        "    if (departamento==lista_t[i][0] and provincia==lista_t[i][1]):\n",
        "      lista_d.append(lista_t[i])\n",
        "      conjunto.append(lista_t[i][2]) \n",
        "  return conjunto\n",
        "\n",
        "def TSP(graph, s):\n",
        "    vertex = []\n",
        "    for i in range(len(graph)):\n",
        "        if i != s:\n",
        "            vertex.append(i)\n",
        "    min_path = maxsize\n",
        "    next_permutation=permutations(vertex)\n",
        "    for i in next_permutation:\n",
        "        current_pathweight = 0\n",
        "        k = s\n",
        "        for j in i:\n",
        "            current_pathweight += graph[k][j]\n",
        "            k = j\n",
        "        current_pathweight += graph[k][s]\n",
        "        min_path = min(min_path, current_pathweight)\n",
        "    return min_path\n",
        "def Retonar_Conjunto(pos,depart,lista):\n",
        "  lista_ub=[]\n",
        "  for i in range(len(lista)):\n",
        "    if depart==lista[i][0]:\n",
        "      lista_ub.append(lista[i][pos])\n",
        "  return lista_ub\n",
        "\n",
        "def Agregar_a_lista_CP(lista_todos,lista_centros,distrit):\n",
        "  for i in range(len(lista_todos)):\n",
        "    if distrit==lista_todos[i][2]:\n",
        "      lista_centros.append(lista_todos[i])  \n",
        "\n",
        "def agregar_distritos_a_lista_ordenada(cantidad,lista_d,lista_ordenada,lista_nombres_d):\n",
        "  for i in range(len(lista_d)):\n",
        "    for j in range(cantidad):\n",
        "      if (lista_d[i][2]==lista_nombres_d[j]):\n",
        "        lista_ordenada[j].append(lista_d[i])\n",
        "\n",
        "leer_hoja(lista_todos)\n"
      ],
      "execution_count": 197,
      "outputs": []
    },
    {
      "cell_type": "code",
      "metadata": {
        "id": "qJ46x9I3eyD1",
        "cellView": "form"
      },
      "source": [
        "#@title Departamento\n",
        "#@markdown Seleccione un departamento\n",
        "departamento = \"TUMBES\"  #@param [\"AMAZONAS\",\"ANCASH\",\"APURIMAC\",\"AREQUIPA\",\"AYACUCHO\",\"CAJAMARCA\",\"CUSCO\",\"HUANCAVELICA\",\"HUANUCO\",\"ICA\",\"JUNIN\",\"LA LIBERTAD\",\"LAMBAYEQUE\",\"LIMA\",\"LORETO\",\"MADRE DE DIOS\",\"MOQUEGUA\",\"PASCO\",\"PIURA\",\"PUNO\",\"SAN MARTIN\",\"TACNA\",\"TUMBES\",\"UCAYALI\"]\n"
      ],
      "execution_count": 179,
      "outputs": []
    },
    {
      "cell_type": "code",
      "metadata": {
        "id": "_y_Y8bqJi24T",
        "colab": {
          "base_uri": "https://localhost:8080/"
        },
        "cellView": "code",
        "outputId": "c13d33f6-76cd-4153-d89c-1664966cf248"
      },
      "source": [
        "# MUESTRA TODAS LAS PROVINCIAS DEL DEPARTAMENTO\n",
        "Conjunto=Retonar_Conjunto(1,departamento,lista_todos)\n",
        "print(set(Conjunto))"
      ],
      "execution_count": 180,
      "outputs": [
        {
          "output_type": "stream",
          "text": [
            "{'CONTRALMIRANTE VILLAR', 'TUMBES', 'ZARUMILLA'}\n"
          ],
          "name": "stdout"
        }
      ]
    },
    {
      "cell_type": "code",
      "metadata": {
        "id": "namzkRMMi6tM",
        "cellView": "form"
      },
      "source": [
        "#@title Provincia\n",
        "#@markdown seleccione una provincia del conjunto de provincias:\n",
        "provincia = 'ZARUMILLA'  #@param {type: \"string\"}\n"
      ],
      "execution_count": 181,
      "outputs": []
    },
    {
      "cell_type": "code",
      "metadata": {
        "colab": {
          "base_uri": "https://localhost:8080/"
        },
        "id": "_49-h9wluaIr",
        "outputId": "df29992b-5412-40f8-cded-3e81e4982f14"
      },
      "source": [
        "lista_distrit=[]\n",
        "conjunto_de_distritos=agregar_todos_distritos(departamento,provincia,lista_todos,lista_distrit)\n",
        "conjunto_de_nombres_distritos=set(conjunto_de_distritos)\n",
        "lista_de_nombres_distritos= list (conjunto_de_nombres_distritos)\n",
        "cantidad_de_distritos=len(set(conjunto_de_distritos))\n",
        "lista_ordenada_de_distritos=[[]for i in range(cantidad_de_distritos)]\n",
        "agregar_distritos_a_lista_ordenada(cantidad_de_distritos,lista_distrit,lista_ordenada_de_distritos,lista_de_nombres_distritos)\n",
        "\n",
        "#MUESTRA UNA LISTA CON MAS LISTAS INCORPORADAS, CADA LISTA INCORPORARDA TIENE LOS DATOS DE LOS CENTROS POBLADOS QUE HAY EN UN DISTRITO (DENTRO DE LA PROVINCIA SELECCIONADA)\n",
        "for i in lista_ordenada_de_distritos:\n",
        "  print(i)"
      ],
      "execution_count": 182,
      "outputs": [
        {
          "output_type": "stream",
          "text": [
            "[['TUMBES', 'ZARUMILLA', 'ZARUMILLA', 'EL BENDITO', -3.451218, -80.316448], ['TUMBES', 'ZARUMILLA', 'ZARUMILLA', 'VILLA PRIMAVERA', -3.512058, -80.308445], ['TUMBES', 'ZARUMILLA', 'ZARUMILLA', 'ZARUMILLA', -3.501209, -80.275564]]\n",
            "[['TUMBES', 'ZARUMILLA', 'PAPAYAL', 'EL GRAN CEIBO', -3.606657, -80.194742], ['TUMBES', 'ZARUMILLA', 'PAPAYAL', 'EL PORVENIR', -3.552178, -80.226267], ['TUMBES', 'ZARUMILLA', 'PAPAYAL', 'LA PALMA', -3.563295, -80.215332], ['TUMBES', 'ZARUMILLA', 'PAPAYAL', 'LECHUGAL', -3.613938, -80.196948], ['TUMBES', 'ZARUMILLA', 'PAPAYAL', 'LOS LIMOS', -3.599385, -80.19472], ['TUMBES', 'ZARUMILLA', 'PAPAYAL', 'LOS OLIVOS', -3.564095, -80.225017], ['TUMBES', 'ZARUMILLA', 'PAPAYAL', 'PAPAYAL', -3.571323, -80.235019], ['TUMBES', 'ZARUMILLA', 'PAPAYAL', 'PUEBLO NUEVO', -3.627913, -80.194918], ['TUMBES', 'ZARUMILLA', 'PAPAYAL', 'QUEBRADA GRANDE (ALAN GARCIA)', -3.520172, -80.333877], ['TUMBES', 'ZARUMILLA', 'PAPAYAL', 'UÑA DE GATO', -3.53887, -80.231532]]\n",
            "[['TUMBES', 'ZARUMILLA', 'MATAPALO', 'ISLA NOBLECILLA', -3.690982, -80.214333], ['TUMBES', 'ZARUMILLA', 'MATAPALO', 'LA TOTORA', -3.688935, -80.218818], ['TUMBES', 'ZARUMILLA', 'MATAPALO', 'LEANDRO CAMPOS', -3.692427, -80.225814], ['TUMBES', 'ZARUMILLA', 'MATAPALO', 'NUEVO PROGRESO - EL TUTUMO', -3.689116, -80.250781]]\n",
            "[['TUMBES', 'ZARUMILLA', 'AGUAS VERDES', '\"CUCHARETA BAJA - CUCHARETA ALTA - NUEVA ESPERANZA\"', -3.525705, -80.238617], ['TUMBES', 'ZARUMILLA', 'AGUAS VERDES', 'AGUAS VERDES', -3.481772, -80.245116], ['TUMBES', 'ZARUMILLA', 'AGUAS VERDES', 'CHACRA GONZALES', -3.467762, -80.245122], ['TUMBES', 'ZARUMILLA', 'AGUAS VERDES', 'CUCHARETA BAJA - CUCHARETA ALTA - NUEVA ESPERANZA', -3.525705, -80.238617], ['TUMBES', 'ZARUMILLA', 'AGUAS VERDES', 'LA CURVA', -3.484249, -80.26223], ['TUMBES', 'ZARUMILLA', 'AGUAS VERDES', 'LOMA SAAVEDRA', -3.504042, -80.226088], ['TUMBES', 'ZARUMILLA', 'AGUAS VERDES', 'SALITRAL', -3.519985, -80.240342]]\n"
          ],
          "name": "stdout"
        }
      ]
    },
    {
      "cell_type": "code",
      "metadata": {
        "colab": {
          "base_uri": "https://localhost:8080/",
          "height": 910
        },
        "id": "hdTdH8ecAzxB",
        "outputId": "440e44c5-ab64-4d83-b00f-68a9354b6cc7"
      },
      "source": [
        "G=nx.Graph()\n",
        "MATRIZ=[]\n",
        "for i in range (len(lista_ordenada_de_distritos)):\n",
        "  matriz_conex=[]\n",
        "  matriz_conex=[[0 for _ in range(len(lista_ordenada_de_distritos[i]))]for _ in range (len(lista_ordenada_de_distritos[i]))]\n",
        "  for j in range(len(lista_ordenada_de_distritos[i])):\n",
        "    for k in range(len(lista_ordenada_de_distritos[i])):\n",
        "       distancia=distancia_puntos(lista_ordenada_de_distritos[i][j],lista_ordenada_de_distritos[i][k])\n",
        "       matriz_conex[j][k]=distancia\n",
        "      \n",
        "  MATRIZ.append(matriz_conex)\n",
        "for i in range(len(lista_distrit)):\n",
        "    G.add_node(lista_distrit[i][3])\n",
        "for i in range(len(MATRIZ)):\n",
        "  for j in range(len(MATRIZ[i])):\n",
        "    for k in range(len(MATRIZ[i])):\n",
        "      if (j!=k):\n",
        "        G.add_edge(lista_ordenada_de_distritos[i][j][3],lista_ordenada_de_distritos[i][k][3],weight=MATRIZ[i][j][k])\n",
        "\n",
        "for i in range(len(MATRIZ)):\n",
        "  print(lista_de_nombres_distritos[i],\"-> \",MATRIZ[i])\n",
        "for i in range(len(MATRIZ)):\n",
        "  camino=TSP(MATRIZ[i],0)\n",
        "  print(f\"El mejor camino para el distrito {lista_de_nombres_distritos[i]} es de {camino} km\")\n",
        "#for i in MATRIZ:\n",
        " # print(i)\n",
        "gs.nx2gv(G,weighted=True,params={\"size\":\"40\"})"
      ],
      "execution_count": 199,
      "outputs": [
        {
          "output_type": "stream",
          "text": [
            "ZARUMILLA ->  [[0.0, 0.06136410684593915, 0.06458019461877824], [0.06136410684593915, 0.0, 0.03462457165078323], [0.06458019461877824, 0.03462457165078323, 0.0]]\n",
            "PAPAYAL ->  [[0.0, 0.06294272846008582, 0.048002199366278135, 0.007607851010634289, 0.007272033278251638, 0.05223121163633208, 0.053579177718579236, 0.021256728628836694, 0.16382369624080284, 0.07712704758383841], [0.06294272846008582, 0.0, 0.015593649797275712, 0.0683659371397779, 0.056777760241138335, 0.011982378269777315, 0.021050618256948442, 0.08196676171473623, 0.11226885648299223, 0.01431164172972258], [0.048002199366278135, 0.015593649797275712, 0.0, 0.0538765710211768, 0.04156131186572405, 0.009717984616154413, 0.02126092079378556, 0.06776590086466848, 0.12614479836283143, 0.02930905363535172], [0.007607851010634289, 0.0683659371397779, 0.0538765710211768, 0.0, 0.014722560680806109, 0.05720308916482858, 0.05714402213704501, 0.014121668633699614, 0.16595666240617948, 0.08265142273427398], [0.007272033278251638, 0.056777760241138335, 0.04156131186572405, 0.014722560680806109, 0.0, 0.0465112062733208, 0.04910687574056416, 0.028528687106139414, 0.1601229840403907, 0.07083211537854692], [0.05223121163633208, 0.011982378269777315, 0.009717984616154413, 0.05720308916482858, 0.0465112062733208, 0.0, 0.012340339865660164, 0.07055981097621758, 0.11738709268484986, 0.026052751294250817], [0.053579177718579236, 0.021050618256948442, 0.02126092079378556, 0.05714402213704501, 0.04910687574056416, 0.012340339865660164, 0.0, 0.06935790006192097, 0.11130736258218221, 0.03263979745647848], [0.021256728628836694, 0.08196676171473623, 0.06776590086466848, 0.014121668633699614, 0.028528687106139414, 0.07055981097621758, 0.06935790006192097, 0.0, 0.1758343730958197, 0.09627689673540567], [0.16382369624080284, 0.11226885648299223, 0.12614479836283143, 0.16595666240617948, 0.1601229840403907, 0.11738709268484986, 0.11130736258218221, 0.1758343730958197, 0.0, 0.10403900340256984], [0.07712704758383841, 0.01431164172972258, 0.02930905363535172, 0.08265142273427398, 0.07083211537854692, 0.026052751294250817, 0.03263979745647848, 0.09627689673540567, 0.10403900340256984, 0.0]]\n",
            "MATAPALO ->  [[0.0, 0.00493005415791988, 0.011571576642794963, 0.03649573481929801], [0.00493005415791988, 0.0, 0.007819084345370167, 0.031963512479079886], [0.011571576642794963, 0.007819084345370167, 0.0, 0.025185587346738352], [0.03649573481929801, 0.031963512479079886, 0.025185587346738352, 0.0]]\n",
            "AGUAS VERDES ->  [[0.0, 0.04441109647374046, 0.05830700021438123, 0.0, 0.04770926225587496, 0.025025215483587885, 0.005974447673214135], [0.04441109647374046, 0.0, 0.01401000128479637, 0.04441109647374046, 0.017292325609941085, 0.029291938891095808, 0.038510056413877114], [0.05830700021438123, 0.01401000128479637, 0.0, 0.05830700021438123, 0.02375931044875376, 0.04096988596517754, 0.052441301747763486], [0.0, 0.04441109647374046, 0.05830700021438123, 0.0, 0.04770926225587496, 0.025025215483587885, 0.005974447673214135], [0.04770926225587496, 0.017292325609941085, 0.02375931044875376, 0.04770926225587496, 0.0, 0.04120688065117113, 0.04190639855678581], [0.025025215483587885, 0.029291938891095808, 0.04096988596517754, 0.025025215483587885, 0.04120688065117113, 0.0, 0.021385877700011054], [0.005974447673214135, 0.038510056413877114, 0.052441301747763486, 0.005974447673214135, 0.04190639855678581, 0.021385877700011054, 0.0]]\n",
            "El mejor camino para el distrito ZARUMILLA es de 0.1605688731155006 km\n",
            "El mejor camino para el distrito PAPAYAL es de 0.391279135450637 km\n",
            "El mejor camino para el distrito MATAPALO es de 0.07365073062653307 km\n",
            "El mejor camino para el distrito AGUAS VERDES es de 0.13996731233823378 km\n"
          ],
          "name": "stdout"
        },
        {
          "output_type": "execute_result",
          "data": {
            "text/plain": [
              "<graphviz.dot.Graph at 0x7f837f315a90>"
            ],
            "image/svg+xml": "<?xml version=\"1.0\" encoding=\"UTF-8\" standalone=\"no\"?>\n<!DOCTYPE svg PUBLIC \"-//W3C//DTD SVG 1.1//EN\"\n \"http://www.w3.org/Graphics/SVG/1.1/DTD/svg11.dtd\">\n<!-- Generated by graphviz version 2.40.1 (20161225.0304)\n -->\n<!-- Title: G Pages: 1 -->\n<svg width=\"2880pt\" height=\"548pt\"\n viewBox=\"0.00 0.00 2880.00 548.34\" xmlns=\"http://www.w3.org/2000/svg\" xmlns:xlink=\"http://www.w3.org/1999/xlink\">\n<g id=\"graph0\" class=\"graph\" transform=\"scale(.663 .663) rotate(0) translate(4 823)\">\n<title>G</title>\n<polygon fill=\"#ffffff\" stroke=\"transparent\" points=\"-4,4 -4,-823 4339.5696,-823 4339.5696,4 -4,4\"/>\n<!-- &quot;CUCHARETA BAJA &#45; CUCHARETA ALTA &#45; NUEVA ESPERANZA&quot; -->\n<g id=\"node1\" class=\"node\">\n<title>&quot;CUCHARETA BAJA &#45; CUCHARETA ALTA &#45; NUEVA ESPERANZA&quot;</title>\n<ellipse fill=\"none\" stroke=\"#000000\" cx=\"757.5696\" cy=\"-801\" rx=\"287.8489\" ry=\"18\"/>\n<text text-anchor=\"middle\" x=\"757.5696\" y=\"-797.3\" font-family=\"Times,serif\" font-size=\"14.00\" fill=\"#000000\">&quot;CUCHARETA BAJA &#45; CUCHARETA ALTA &#45; NUEVA ESPERANZA&quot;</text>\n</g>\n<!-- AGUAS VERDES -->\n<g id=\"node2\" class=\"node\">\n<title>AGUAS VERDES</title>\n<ellipse fill=\"none\" stroke=\"#000000\" cx=\"631.5696\" cy=\"-714\" rx=\"83.3857\" ry=\"18\"/>\n<text text-anchor=\"middle\" x=\"631.5696\" y=\"-710.3\" font-family=\"Times,serif\" font-size=\"14.00\" fill=\"#000000\">AGUAS VERDES</text>\n</g>\n<!-- &quot;CUCHARETA BAJA &#45; CUCHARETA ALTA &#45; NUEVA ESPERANZA&quot;&#45;&#45;AGUAS VERDES -->\n<g id=\"edge1\" class=\"edge\">\n<title>&quot;CUCHARETA BAJA &#45; CUCHARETA ALTA &#45; NUEVA ESPERANZA&quot;&#45;&#45;AGUAS VERDES</title>\n<path fill=\"none\" stroke=\"#000000\" d=\"M731.4623,-782.9735C709.5492,-767.8431 678.4418,-746.3642 656.7836,-731.4097\"/>\n<text text-anchor=\"middle\" x=\"772.0696\" y=\"-753.8\" font-family=\"Times,serif\" font-size=\"14.00\" fill=\"#000000\">0.04441109647374046</text>\n</g>\n<!-- CHACRA GONZALES -->\n<g id=\"node3\" class=\"node\">\n<title>CHACRA GONZALES</title>\n<ellipse fill=\"none\" stroke=\"#000000\" cx=\"825.5696\" cy=\"-627\" rx=\"102.8821\" ry=\"18\"/>\n<text text-anchor=\"middle\" x=\"825.5696\" y=\"-623.3\" font-family=\"Times,serif\" font-size=\"14.00\" fill=\"#000000\">CHACRA GONZALES</text>\n</g>\n<!-- &quot;CUCHARETA BAJA &#45; CUCHARETA ALTA &#45; NUEVA ESPERANZA&quot;&#45;&#45;CHACRA GONZALES -->\n<g id=\"edge2\" class=\"edge\">\n<title>&quot;CUCHARETA BAJA &#45; CUCHARETA ALTA &#45; NUEVA ESPERANZA&quot;&#45;&#45;CHACRA GONZALES</title>\n<path fill=\"none\" stroke=\"#000000\" d=\"M818.6132,-783.3041C828.4432,-778.5081 837.8942,-772.4972 845.5696,-765 875.7537,-735.5167 874.9429,-719.3029 883.5696,-678 884.9326,-671.4742 886.8104,-668.8259 883.5696,-663 879.191,-655.1288 872.3004,-648.7583 864.7751,-643.6911\"/>\n<text text-anchor=\"middle\" x=\"950.0696\" y=\"-710.3\" font-family=\"Times,serif\" font-size=\"14.00\" fill=\"#000000\">0.05830700021438123</text>\n</g>\n<!-- CUCHARETA BAJA &#45; CUCHARETA ALTA &#45; NUEVA ESPERANZA -->\n<g id=\"node4\" class=\"node\">\n<title>CUCHARETA BAJA &#45; CUCHARETA ALTA &#45; NUEVA ESPERANZA</title>\n<ellipse fill=\"none\" stroke=\"#000000\" cx=\"461.5696\" cy=\"-540\" rx=\"280.2503\" ry=\"18\"/>\n<text text-anchor=\"middle\" x=\"461.5696\" y=\"-536.3\" font-family=\"Times,serif\" font-size=\"14.00\" fill=\"#000000\">CUCHARETA BAJA &#45; CUCHARETA ALTA &#45; NUEVA ESPERANZA</text>\n</g>\n<!-- &quot;CUCHARETA BAJA &#45; CUCHARETA ALTA &#45; NUEVA ESPERANZA&quot;&#45;&#45;CUCHARETA BAJA &#45; CUCHARETA ALTA &#45; NUEVA ESPERANZA -->\n<g id=\"edge3\" class=\"edge\">\n<title>&quot;CUCHARETA BAJA &#45; CUCHARETA ALTA &#45; NUEVA ESPERANZA&quot;&#45;&#45;CUCHARETA BAJA &#45; CUCHARETA ALTA &#45; NUEVA ESPERANZA</title>\n<path fill=\"none\" stroke=\"#000000\" d=\"M627.9966,-784.8746C503.7155,-766.4309 328.9958,-731.6627 287.5696,-678 279.227,-667.1933 254.2677,-623.3136 296.5696,-576 303.849,-567.8581 320.8655,-561.4062 341.3352,-556.3502\"/>\n<text text-anchor=\"middle\" x=\"297.0696\" y=\"-666.8\" font-family=\"Times,serif\" font-size=\"14.00\" fill=\"#000000\">0.0</text>\n</g>\n<!-- LA CURVA -->\n<g id=\"node5\" class=\"node\">\n<title>LA CURVA</title>\n<ellipse fill=\"none\" stroke=\"#000000\" cx=\"297.5696\" cy=\"-453\" rx=\"57.3905\" ry=\"18\"/>\n<text text-anchor=\"middle\" x=\"297.5696\" y=\"-449.3\" font-family=\"Times,serif\" font-size=\"14.00\" fill=\"#000000\">LA CURVA</text>\n</g>\n<!-- &quot;CUCHARETA BAJA &#45; CUCHARETA ALTA &#45; NUEVA ESPERANZA&quot;&#45;&#45;LA CURVA -->\n<g id=\"edge4\" class=\"edge\">\n<title>&quot;CUCHARETA BAJA &#45; CUCHARETA ALTA &#45; NUEVA ESPERANZA&quot;&#45;&#45;LA CURVA</title>\n<path fill=\"none\" stroke=\"#000000\" d=\"M522.6129,-790.5557C339.3014,-779.1367 115.5696,-756.4953 115.5696,-714 115.5696,-714 115.5696,-714 115.5696,-583.5 115.5696,-531.7566 141.652,-519.3364 183.5696,-489 202.2329,-475.4931 226.144,-466.9311 247.2433,-461.5652\"/>\n<text text-anchor=\"middle\" x=\"185.0696\" y=\"-623.3\" font-family=\"Times,serif\" font-size=\"14.00\" fill=\"#000000\">0.04770926225587496</text>\n</g>\n<!-- LOMA SAAVEDRA -->\n<g id=\"node6\" class=\"node\">\n<title>LOMA SAAVEDRA</title>\n<ellipse fill=\"none\" stroke=\"#000000\" cx=\"1070.5696\" cy=\"-366\" rx=\"90.9839\" ry=\"18\"/>\n<text text-anchor=\"middle\" x=\"1070.5696\" y=\"-362.3\" font-family=\"Times,serif\" font-size=\"14.00\" fill=\"#000000\">LOMA SAAVEDRA</text>\n</g>\n<!-- &quot;CUCHARETA BAJA &#45; CUCHARETA ALTA &#45; NUEVA ESPERANZA&quot;&#45;&#45;LOMA SAAVEDRA -->\n<g id=\"edge5\" class=\"edge\">\n<title>&quot;CUCHARETA BAJA &#45; CUCHARETA ALTA &#45; NUEVA ESPERANZA&quot;&#45;&#45;LOMA SAAVEDRA</title>\n<path fill=\"none\" stroke=\"#000000\" d=\"M908.5648,-785.6298C1037.9529,-770.3432 1203.5696,-744.7671 1203.5696,-714 1203.5696,-714 1203.5696,-714 1203.5696,-453 1203.5696,-414.7856 1164.6407,-392.4557 1128.9053,-380.008\"/>\n<text text-anchor=\"middle\" x=\"1277.0696\" y=\"-579.8\" font-family=\"Times,serif\" font-size=\"14.00\" fill=\"#000000\">0.025025215483587885</text>\n</g>\n<!-- SALITRAL -->\n<g id=\"node7\" class=\"node\">\n<title>SALITRAL</title>\n<ellipse fill=\"none\" stroke=\"#000000\" cx=\"692.5696\" cy=\"-279\" rx=\"56.59\" ry=\"18\"/>\n<text text-anchor=\"middle\" x=\"692.5696\" y=\"-275.3\" font-family=\"Times,serif\" font-size=\"14.00\" fill=\"#000000\">SALITRAL</text>\n</g>\n<!-- &quot;CUCHARETA BAJA &#45; CUCHARETA ALTA &#45; NUEVA ESPERANZA&quot;&#45;&#45;SALITRAL -->\n<g id=\"edge6\" class=\"edge\">\n<title>&quot;CUCHARETA BAJA &#45; CUCHARETA ALTA &#45; NUEVA ESPERANZA&quot;&#45;&#45;SALITRAL</title>\n<path fill=\"none\" stroke=\"#000000\" d=\"M979.2218,-789.5037C1152.9849,-777.4031 1365.5696,-754.3531 1365.5696,-714 1365.5696,-714 1365.5696,-714 1365.5696,-366 1365.5696,-304.038 911.0805,-285.1613 749.0801,-280.4009\"/>\n<text text-anchor=\"middle\" x=\"1439.0696\" y=\"-536.3\" font-family=\"Times,serif\" font-size=\"14.00\" fill=\"#000000\">0.005974447673214135</text>\n</g>\n<!-- AGUAS VERDES&#45;&#45;CHACRA GONZALES -->\n<g id=\"edge7\" class=\"edge\">\n<title>AGUAS VERDES&#45;&#45;CHACRA GONZALES</title>\n<path fill=\"none\" stroke=\"#000000\" d=\"M668.0595,-697.636C702.3046,-682.2786 753.3029,-659.4082 787.92,-643.8841\"/>\n<text text-anchor=\"middle\" x=\"810.0696\" y=\"-666.8\" font-family=\"Times,serif\" font-size=\"14.00\" fill=\"#000000\">0.01401000128479637</text>\n</g>\n<!-- AGUAS VERDES&#45;&#45;CUCHARETA BAJA &#45; CUCHARETA ALTA &#45; NUEVA ESPERANZA -->\n<g id=\"edge8\" class=\"edge\">\n<title>AGUAS VERDES&#45;&#45;CUCHARETA BAJA &#45; CUCHARETA ALTA &#45; NUEVA ESPERANZA</title>\n<path fill=\"none\" stroke=\"#000000\" d=\"M614.3335,-696.3584C581.9193,-663.1815 512.1967,-591.8184 479.3613,-558.2103\"/>\n<text text-anchor=\"middle\" x=\"633.0696\" y=\"-623.3\" font-family=\"Times,serif\" font-size=\"14.00\" fill=\"#000000\">0.04441109647374046</text>\n</g>\n<!-- AGUAS VERDES&#45;&#45;LA CURVA -->\n<g id=\"edge9\" class=\"edge\">\n<title>AGUAS VERDES&#45;&#45;LA CURVA</title>\n<path fill=\"none\" stroke=\"#000000\" d=\"M579.2369,-699.9008C464.1084,-668.3721 197.1057,-592.2536 172.5696,-558 143.9349,-518.0247 211.5291,-484.0056 258.0696,-466.231\"/>\n<text text-anchor=\"middle\" x=\"303.0696\" y=\"-579.8\" font-family=\"Times,serif\" font-size=\"14.00\" fill=\"#000000\">0.017292325609941085</text>\n</g>\n<!-- AGUAS VERDES&#45;&#45;LOMA SAAVEDRA -->\n<g id=\"edge10\" class=\"edge\">\n<title>AGUAS VERDES&#45;&#45;LOMA SAAVEDRA</title>\n<path fill=\"none\" stroke=\"#000000\" d=\"M707.5127,-706.5645C769.5949,-699.857 852.0676,-689.3289 883.5696,-678 910.0368,-668.4817 916.1729,-663.2563 937.5696,-645 992.2478,-598.3469 981.0223,-559.1236 1042.5696,-522 1073.7767,-503.1768 1099.8029,-532.4583 1122.5696,-504 1151.9984,-467.214 1112.26,-412.0168 1087.5793,-383.8783\"/>\n<text text-anchor=\"middle\" x=\"1116.0696\" y=\"-536.3\" font-family=\"Times,serif\" font-size=\"14.00\" fill=\"#000000\">0.029291938891095808</text>\n</g>\n<!-- AGUAS VERDES&#45;&#45;SALITRAL -->\n<g id=\"edge11\" class=\"edge\">\n<title>AGUAS VERDES&#45;&#45;SALITRAL</title>\n<path fill=\"none\" stroke=\"#000000\" d=\"M553.0496,-708.0125C412.7796,-696.722 130.3149,-671.069 93.5696,-645 30.0196,-599.9144 -26.2491,-555.976 13.5696,-489 96.2989,-349.8474 178.8641,-362.6846 333.5696,-315 388.6408,-298.0255 550.0071,-286.8542 636.4194,-281.913\"/>\n<text text-anchor=\"middle\" x=\"86.5696\" y=\"-492.8\" font-family=\"Times,serif\" font-size=\"14.00\" fill=\"#000000\">0.038510056413877114</text>\n</g>\n<!-- CHACRA GONZALES&#45;&#45;CUCHARETA BAJA &#45; CUCHARETA ALTA &#45; NUEVA ESPERANZA -->\n<g id=\"edge12\" class=\"edge\">\n<title>CHACRA GONZALES&#45;&#45;CUCHARETA BAJA &#45; CUCHARETA ALTA &#45; NUEVA ESPERANZA</title>\n<path fill=\"none\" stroke=\"#000000\" d=\"M747.2969,-615.3344C709.9145,-609.1648 664.6841,-600.8265 624.5696,-591 586.5536,-581.6876 544.405,-568.4193 512.4927,-557.7505\"/>\n<text text-anchor=\"middle\" x=\"694.0696\" y=\"-579.8\" font-family=\"Times,serif\" font-size=\"14.00\" fill=\"#000000\">0.05830700021438123</text>\n</g>\n<!-- CHACRA GONZALES&#45;&#45;LA CURVA -->\n<g id=\"edge13\" class=\"edge\">\n<title>CHACRA GONZALES&#45;&#45;LA CURVA</title>\n<path fill=\"none\" stroke=\"#000000\" d=\"M818.0169,-608.6929C807.0158,-584.5269 784.1648,-542.6368 750.5696,-522 685.0719,-481.7663 460.3192,-462.9565 354.0729,-456.1527\"/>\n<text text-anchor=\"middle\" x=\"858.0696\" y=\"-536.3\" font-family=\"Times,serif\" font-size=\"14.00\" fill=\"#000000\">0.02375931044875376</text>\n</g>\n<!-- CHACRA GONZALES&#45;&#45;LOMA SAAVEDRA -->\n<g id=\"edge14\" class=\"edge\">\n<title>CHACRA GONZALES&#45;&#45;LOMA SAAVEDRA</title>\n<path fill=\"none\" stroke=\"#000000\" d=\"M898.1197,-614.1663C924.232,-608.167 949.504,-600.2857 958.5696,-591 991.1757,-557.6023 949.8298,-521.2521 983.5696,-489 1013.3718,-460.5118 1048.3977,-502.8557 1074.5696,-471 1094.6036,-446.615 1085.7337,-407.2364 1077.8761,-384.2652\"/>\n<text text-anchor=\"middle\" x=\"1053.0696\" y=\"-492.8\" font-family=\"Times,serif\" font-size=\"14.00\" fill=\"#000000\">0.04096988596517754</text>\n</g>\n<!-- CHACRA GONZALES&#45;&#45;SALITRAL -->\n<g id=\"edge15\" class=\"edge\">\n<title>CHACRA GONZALES&#45;&#45;SALITRAL</title>\n<path fill=\"none\" stroke=\"#000000\" d=\"M868.9353,-610.5368C891.6771,-599.4178 917.4689,-582.2851 930.5696,-558 949.4158,-523.064 905.8521,-440.9273 901.5696,-435 853.5744,-368.5714 768.9697,-318.0937 723.5161,-294.2185\"/>\n<text text-anchor=\"middle\" x=\"993.0696\" y=\"-449.3\" font-family=\"Times,serif\" font-size=\"14.00\" fill=\"#000000\">0.052441301747763486</text>\n</g>\n<!-- CUCHARETA BAJA &#45; CUCHARETA ALTA &#45; NUEVA ESPERANZA&#45;&#45;LA CURVA -->\n<g id=\"edge16\" class=\"edge\">\n<title>CUCHARETA BAJA &#45; CUCHARETA ALTA &#45; NUEVA ESPERANZA&#45;&#45;LA CURVA</title>\n<path fill=\"none\" stroke=\"#000000\" d=\"M354.506,-523.2983C333.8018,-518.1462 316.1676,-511.7412 308.5696,-504 300.1944,-495.4671 297.5316,-482.1745 296.9169,-471.2992\"/>\n<text text-anchor=\"middle\" x=\"378.0696\" y=\"-492.8\" font-family=\"Times,serif\" font-size=\"14.00\" fill=\"#000000\">0.04770926225587496</text>\n</g>\n<!-- CUCHARETA BAJA &#45; CUCHARETA ALTA &#45; NUEVA ESPERANZA&#45;&#45;LOMA SAAVEDRA -->\n<g id=\"edge17\" class=\"edge\">\n<title>CUCHARETA BAJA &#45; CUCHARETA ALTA &#45; NUEVA ESPERANZA&#45;&#45;LOMA SAAVEDRA</title>\n<path fill=\"none\" stroke=\"#000000\" d=\"M505.6611,-522.1789C562.4982,-499.6767 664.7165,-460.7931 754.5696,-435 839.1737,-410.7136 938.6446,-390.2993 1003.0568,-378.1206\"/>\n<text text-anchor=\"middle\" x=\"828.0696\" y=\"-449.3\" font-family=\"Times,serif\" font-size=\"14.00\" fill=\"#000000\">0.025025215483587885</text>\n</g>\n<!-- CUCHARETA BAJA &#45; CUCHARETA ALTA &#45; NUEVA ESPERANZA&#45;&#45;SALITRAL -->\n<g id=\"edge18\" class=\"edge\">\n<title>CUCHARETA BAJA &#45; CUCHARETA ALTA &#45; NUEVA ESPERANZA&#45;&#45;SALITRAL</title>\n<path fill=\"none\" stroke=\"#000000\" d=\"M455.4453,-521.8924C447.1704,-493.9258 435.8939,-439.5366 458.5696,-402 498.9125,-335.2174 588.864,-302.89 644.7474,-288.7067\"/>\n<text text-anchor=\"middle\" x=\"532.0696\" y=\"-405.8\" font-family=\"Times,serif\" font-size=\"14.00\" fill=\"#000000\">0.005974447673214135</text>\n</g>\n<!-- LA CURVA&#45;&#45;LOMA SAAVEDRA -->\n<g id=\"edge19\" class=\"edge\">\n<title>LA CURVA&#45;&#45;LOMA SAAVEDRA</title>\n<path fill=\"none\" stroke=\"#000000\" d=\"M353.7766,-449.6206C430.541,-444.4751 563.8596,-433.4986 609.5696,-417 621.0487,-412.8567 621.0239,-405.9541 632.5696,-402 694.6464,-380.7403 871.0277,-371.7973 980.0944,-368.2175\"/>\n<text text-anchor=\"middle\" x=\"701.5696\" y=\"-405.8\" font-family=\"Times,serif\" font-size=\"14.00\" fill=\"#000000\">0.04120688065117113</text>\n</g>\n<!-- LA CURVA&#45;&#45;SALITRAL -->\n<g id=\"edge20\" class=\"edge\">\n<title>LA CURVA&#45;&#45;SALITRAL</title>\n<path fill=\"none\" stroke=\"#000000\" d=\"M293.7518,-434.9558C289.9999,-411.8535 287.5153,-371.9549 308.5696,-348 350.8262,-299.9217 539.991,-285.2249 636.1125,-280.8253\"/>\n<text text-anchor=\"middle\" x=\"378.0696\" y=\"-362.3\" font-family=\"Times,serif\" font-size=\"14.00\" fill=\"#000000\">0.04190639855678581</text>\n</g>\n<!-- LOMA SAAVEDRA&#45;&#45;SALITRAL -->\n<g id=\"edge21\" class=\"edge\">\n<title>LOMA SAAVEDRA&#45;&#45;SALITRAL</title>\n<path fill=\"none\" stroke=\"#000000\" d=\"M1034.0243,-349.476C1007.6992,-338.1984 971.0626,-323.7676 937.5696,-315 873.5209,-298.2336 797.8708,-288.6117 747.755,-283.6059\"/>\n<text text-anchor=\"middle\" x=\"1055.5696\" y=\"-318.8\" font-family=\"Times,serif\" font-size=\"14.00\" fill=\"#000000\">0.021385877700011054</text>\n</g>\n<!-- ISLA NOBLECILLA -->\n<g id=\"node8\" class=\"node\">\n<title>ISLA NOBLECILLA</title>\n<ellipse fill=\"none\" stroke=\"#000000\" cx=\"1682.5696\" cy=\"-801\" rx=\"92.8835\" ry=\"18\"/>\n<text text-anchor=\"middle\" x=\"1682.5696\" y=\"-797.3\" font-family=\"Times,serif\" font-size=\"14.00\" fill=\"#000000\">ISLA NOBLECILLA</text>\n</g>\n<!-- LA TOTORA -->\n<g id=\"node9\" class=\"node\">\n<title>LA TOTORA</title>\n<ellipse fill=\"none\" stroke=\"#000000\" cx=\"1520.5696\" cy=\"-714\" rx=\"63.8893\" ry=\"18\"/>\n<text text-anchor=\"middle\" x=\"1520.5696\" y=\"-710.3\" font-family=\"Times,serif\" font-size=\"14.00\" fill=\"#000000\">LA TOTORA</text>\n</g>\n<!-- ISLA NOBLECILLA&#45;&#45;LA TOTORA -->\n<g id=\"edge22\" class=\"edge\">\n<title>ISLA NOBLECILLA&#45;&#45;LA TOTORA</title>\n<path fill=\"none\" stroke=\"#000000\" d=\"M1605.5138,-790.8716C1573.1543,-785.0455 1540.4877,-776.5521 1529.5696,-765 1521.4176,-756.3746 1519.2795,-743.0848 1519.1209,-732.234\"/>\n<text text-anchor=\"middle\" x=\"1599.0696\" y=\"-753.8\" font-family=\"Times,serif\" font-size=\"14.00\" fill=\"#000000\">0.00493005415791988</text>\n</g>\n<!-- LEANDRO CAMPOS -->\n<g id=\"node10\" class=\"node\">\n<title>LEANDRO CAMPOS</title>\n<ellipse fill=\"none\" stroke=\"#000000\" cx=\"1688.5696\" cy=\"-627\" rx=\"97.4827\" ry=\"18\"/>\n<text text-anchor=\"middle\" x=\"1688.5696\" y=\"-623.3\" font-family=\"Times,serif\" font-size=\"14.00\" fill=\"#000000\">LEANDRO CAMPOS</text>\n</g>\n<!-- ISLA NOBLECILLA&#45;&#45;LEANDRO CAMPOS -->\n<g id=\"edge23\" class=\"edge\">\n<title>ISLA NOBLECILLA&#45;&#45;LEANDRO CAMPOS</title>\n<path fill=\"none\" stroke=\"#000000\" d=\"M1683.2003,-782.7078C1684.3557,-749.2024 1686.7982,-678.3695 1687.9472,-645.0471\"/>\n<text text-anchor=\"middle\" x=\"1759.5696\" y=\"-710.3\" font-family=\"Times,serif\" font-size=\"14.00\" fill=\"#000000\">0.011571576642794963</text>\n</g>\n<!-- NUEVO PROGRESO &#45; EL TUTUMO -->\n<g id=\"node11\" class=\"node\">\n<title>NUEVO PROGRESO &#45; EL TUTUMO</title>\n<ellipse fill=\"none\" stroke=\"#000000\" cx=\"1688.5696\" cy=\"-540\" rx=\"157.872\" ry=\"18\"/>\n<text text-anchor=\"middle\" x=\"1688.5696\" y=\"-536.3\" font-family=\"Times,serif\" font-size=\"14.00\" fill=\"#000000\">NUEVO PROGRESO &#45; EL TUTUMO</text>\n</g>\n<!-- ISLA NOBLECILLA&#45;&#45;NUEVO PROGRESO &#45; EL TUTUMO -->\n<g id=\"edge24\" class=\"edge\">\n<title>ISLA NOBLECILLA&#45;&#45;NUEVO PROGRESO &#45; EL TUTUMO</title>\n<path fill=\"none\" stroke=\"#000000\" d=\"M1749.5383,-788.3226C1781.5066,-778.5772 1816.982,-761.5465 1836.5696,-732 1855.7281,-703.1007 1861.0569,-603.2124 1839.5696,-576 1832.1792,-566.6406 1811.8525,-559.45 1788.4169,-554.0472\"/>\n<text text-anchor=\"middle\" x=\"1923.0696\" y=\"-666.8\" font-family=\"Times,serif\" font-size=\"14.00\" fill=\"#000000\">0.03649573481929801</text>\n</g>\n<!-- LA TOTORA&#45;&#45;LEANDRO CAMPOS -->\n<g id=\"edge25\" class=\"edge\">\n<title>LA TOTORA&#45;&#45;LEANDRO CAMPOS</title>\n<path fill=\"none\" stroke=\"#000000\" d=\"M1515.8148,-696.0457C1514.1036,-685.3002 1514.1373,-672.0228 1521.5696,-663 1527.8396,-655.3882 1572.6701,-645.9687 1614.3019,-638.6743\"/>\n<text text-anchor=\"middle\" x=\"1595.0696\" y=\"-666.8\" font-family=\"Times,serif\" font-size=\"14.00\" fill=\"#000000\">0.007819084345370167</text>\n</g>\n<!-- LA TOTORA&#45;&#45;NUEVO PROGRESO &#45; EL TUTUMO -->\n<g id=\"edge26\" class=\"edge\">\n<title>LA TOTORA&#45;&#45;NUEVO PROGRESO &#45; EL TUTUMO</title>\n<path fill=\"none\" stroke=\"#000000\" d=\"M1491.2115,-697.8589C1457.8708,-677.4371 1411.0834,-641.0586 1435.5696,-609 1454.8451,-583.7636 1528.2391,-565.542 1591.0472,-554.184\"/>\n<text text-anchor=\"middle\" x=\"1509.0696\" y=\"-623.3\" font-family=\"Times,serif\" font-size=\"14.00\" fill=\"#000000\">0.031963512479079886</text>\n</g>\n<!-- LEANDRO CAMPOS&#45;&#45;NUEVO PROGRESO &#45; EL TUTUMO -->\n<g id=\"edge27\" class=\"edge\">\n<title>LEANDRO CAMPOS&#45;&#45;NUEVO PROGRESO &#45; EL TUTUMO</title>\n<path fill=\"none\" stroke=\"#000000\" d=\"M1688.5696,-608.9735C1688.5696,-594.0422 1688.5696,-572.9283 1688.5696,-558.0034\"/>\n<text text-anchor=\"middle\" x=\"1762.0696\" y=\"-579.8\" font-family=\"Times,serif\" font-size=\"14.00\" fill=\"#000000\">0.025185587346738352</text>\n</g>\n<!-- EL GRAN CEIBO -->\n<g id=\"node12\" class=\"node\">\n<title>EL GRAN CEIBO</title>\n<ellipse fill=\"none\" stroke=\"#000000\" cx=\"2828.5696\" cy=\"-801\" rx=\"81.7856\" ry=\"18\"/>\n<text text-anchor=\"middle\" x=\"2828.5696\" y=\"-797.3\" font-family=\"Times,serif\" font-size=\"14.00\" fill=\"#000000\">EL GRAN CEIBO</text>\n</g>\n<!-- EL PORVENIR -->\n<g id=\"node13\" class=\"node\">\n<title>EL PORVENIR</title>\n<ellipse fill=\"none\" stroke=\"#000000\" cx=\"3064.5696\" cy=\"-714\" rx=\"71.4873\" ry=\"18\"/>\n<text text-anchor=\"middle\" x=\"3064.5696\" y=\"-710.3\" font-family=\"Times,serif\" font-size=\"14.00\" fill=\"#000000\">EL PORVENIR</text>\n</g>\n<!-- EL GRAN CEIBO&#45;&#45;EL PORVENIR -->\n<g id=\"edge28\" class=\"edge\">\n<title>EL GRAN CEIBO&#45;&#45;EL PORVENIR</title>\n<path fill=\"none\" stroke=\"#000000\" d=\"M2870.7616,-785.4461C2914.1159,-769.4638 2981.1465,-744.7534 3023.9263,-728.9829\"/>\n<text text-anchor=\"middle\" x=\"3031.0696\" y=\"-753.8\" font-family=\"Times,serif\" font-size=\"14.00\" fill=\"#000000\">0.06294272846008582</text>\n</g>\n<!-- LA PALMA -->\n<g id=\"node14\" class=\"node\">\n<title>LA PALMA</title>\n<ellipse fill=\"none\" stroke=\"#000000\" cx=\"2882.5696\" cy=\"-627\" rx=\"57.6901\" ry=\"18\"/>\n<text text-anchor=\"middle\" x=\"2882.5696\" y=\"-623.3\" font-family=\"Times,serif\" font-size=\"14.00\" fill=\"#000000\">LA PALMA</text>\n</g>\n<!-- EL GRAN CEIBO&#45;&#45;LA PALMA -->\n<g id=\"edge29\" class=\"edge\">\n<title>EL GRAN CEIBO&#45;&#45;LA PALMA</title>\n<path fill=\"none\" stroke=\"#000000\" d=\"M2827.4926,-782.9912C2826.8033,-761.6302 2827.5003,-725.2348 2837.5696,-696 2844.183,-676.7988 2857.3052,-657.6691 2867.6807,-644.4394\"/>\n<text text-anchor=\"middle\" x=\"2911.0696\" y=\"-710.3\" font-family=\"Times,serif\" font-size=\"14.00\" fill=\"#000000\">0.048002199366278135</text>\n</g>\n<!-- LECHUGAL -->\n<g id=\"node15\" class=\"node\">\n<title>LECHUGAL</title>\n<ellipse fill=\"none\" stroke=\"#000000\" cx=\"2888.5696\" cy=\"-540\" rx=\"61.99\" ry=\"18\"/>\n<text text-anchor=\"middle\" x=\"2888.5696\" y=\"-536.3\" font-family=\"Times,serif\" font-size=\"14.00\" fill=\"#000000\">LECHUGAL</text>\n</g>\n<!-- EL GRAN CEIBO&#45;&#45;LECHUGAL -->\n<g id=\"edge30\" class=\"edge\">\n<title>EL GRAN CEIBO&#45;&#45;LECHUGAL</title>\n<path fill=\"none\" stroke=\"#000000\" d=\"M2759.9048,-791.1032C2629.9789,-770.8808 2365.0336,-721.7367 2410.5696,-663 2461.9556,-596.7171 2714.2376,-559.8839 2830.1413,-546.2178\"/>\n<text text-anchor=\"middle\" x=\"2484.0696\" y=\"-666.8\" font-family=\"Times,serif\" font-size=\"14.00\" fill=\"#000000\">0.007607851010634289</text>\n</g>\n<!-- LOS LIMOS -->\n<g id=\"node16\" class=\"node\">\n<title>LOS LIMOS</title>\n<ellipse fill=\"none\" stroke=\"#000000\" cx=\"3302.5696\" cy=\"-453\" rx=\"60.3893\" ry=\"18\"/>\n<text text-anchor=\"middle\" x=\"3302.5696\" y=\"-449.3\" font-family=\"Times,serif\" font-size=\"14.00\" fill=\"#000000\">LOS LIMOS</text>\n</g>\n<!-- EL GRAN CEIBO&#45;&#45;LOS LIMOS -->\n<g id=\"edge31\" class=\"edge\">\n<title>EL GRAN CEIBO&#45;&#45;LOS LIMOS</title>\n<path fill=\"none\" stroke=\"#000000\" d=\"M2910.6617,-800.0217C3106.6328,-796.5984 3585.5696,-781.3432 3585.5696,-714 3585.5696,-714 3585.5696,-714 3585.5696,-540 3585.5696,-515.9057 3433.7565,-480.4353 3352.5128,-463.1783\"/>\n<text text-anchor=\"middle\" x=\"3659.0696\" y=\"-623.3\" font-family=\"Times,serif\" font-size=\"14.00\" fill=\"#000000\">0.007272033278251638</text>\n</g>\n<!-- LOS OLIVOS -->\n<g id=\"node17\" class=\"node\">\n<title>LOS OLIVOS</title>\n<ellipse fill=\"none\" stroke=\"#000000\" cx=\"3241.5696\" cy=\"-366\" rx=\"65.7887\" ry=\"18\"/>\n<text text-anchor=\"middle\" x=\"3241.5696\" y=\"-362.3\" font-family=\"Times,serif\" font-size=\"14.00\" fill=\"#000000\">LOS OLIVOS</text>\n</g>\n<!-- EL GRAN CEIBO&#45;&#45;LOS OLIVOS -->\n<g id=\"edge32\" class=\"edge\">\n<title>EL GRAN CEIBO&#45;&#45;LOS OLIVOS</title>\n<path fill=\"none\" stroke=\"#000000\" d=\"M2910.4396,-799.614C3064.7773,-796.5094 3393.2454,-787.4277 3504.5696,-765 3547.1537,-756.4209 3557.4584,-750.9032 3596.5696,-732 3662.5276,-700.1213 3695.9194,-705.9449 3736.5696,-645 3756.0138,-615.8483 3779.4624,-517.8475 3759.5696,-489 3721.2386,-433.4145 3682.5996,-453.1687 3617.5696,-435 3507.787,-404.3279 3376.071,-383.7543 3301.2654,-373.5347\"/>\n<text text-anchor=\"middle\" x=\"3831.0696\" y=\"-579.8\" font-family=\"Times,serif\" font-size=\"14.00\" fill=\"#000000\">0.05223121163633208</text>\n</g>\n<!-- PAPAYAL -->\n<g id=\"node18\" class=\"node\">\n<title>PAPAYAL</title>\n<ellipse fill=\"none\" stroke=\"#000000\" cx=\"3281.5696\" cy=\"-279\" rx=\"50.8918\" ry=\"18\"/>\n<text text-anchor=\"middle\" x=\"3281.5696\" y=\"-275.3\" font-family=\"Times,serif\" font-size=\"14.00\" fill=\"#000000\">PAPAYAL</text>\n</g>\n<!-- EL GRAN CEIBO&#45;&#45;PAPAYAL -->\n<g id=\"edge33\" class=\"edge\">\n<title>EL GRAN CEIBO&#45;&#45;PAPAYAL</title>\n<path fill=\"none\" stroke=\"#000000\" d=\"M2910.2843,-799.4C3071.592,-795.8294 3425.6906,-785.834 3545.5696,-765 3595.438,-756.3333 3608.0927,-752.0468 3654.5696,-732 3770.2838,-682.0891 3837.3886,-700.0369 3900.5696,-591 3949.6198,-506.3497 3649.9636,-347.1706 3557.5696,-315 3516.8971,-300.8383 3399.0543,-288.9444 3331.2257,-283.0261\"/>\n<text text-anchor=\"middle\" x=\"3978.0696\" y=\"-536.3\" font-family=\"Times,serif\" font-size=\"14.00\" fill=\"#000000\">0.053579177718579236</text>\n</g>\n<!-- PUEBLO NUEVO -->\n<g id=\"node19\" class=\"node\">\n<title>PUEBLO NUEVO</title>\n<ellipse fill=\"none\" stroke=\"#000000\" cx=\"2658.5696\" cy=\"-192\" rx=\"83.3857\" ry=\"18\"/>\n<text text-anchor=\"middle\" x=\"2658.5696\" y=\"-188.3\" font-family=\"Times,serif\" font-size=\"14.00\" fill=\"#000000\">PUEBLO NUEVO</text>\n</g>\n<!-- EL GR